0.000177901 0.784202
-0.00134883 0.775861
-0.003079 0.767355
-0.00486897 0.759373
-0.0068326 0.751309
-0.00815833 0.74626
-0.00945415 0.741534
-0.0107805 0.73688
-0.0121005 0.732411
-0.0134726 0.727915
-0.0149327 0.72328
-0.0164096 0.718734
-0.0179509 0.714125
-0.0195183 0.709567
-0.0211228 0.705021
-0.0226951 0.700677
-0.0242921 0.696363
-0.025884 0.692154
-0.0275181 0.687919
-0.0291646 0.683731
-0.0308588 0.679497
-0.0326004 0.675218
-0.0344043 0.670856
-0.0362474 0.666467
-0.0381757 0.661941
-0.0401184 0.657443
-0.0420734 0.652971
-0.0440141 0.648581
-0.0459543 0.644235
-0.047867 0.639985
-0.0497825 0.635759
-0.0517154 0.631519
-0.0536389 0.627318
-0.0555758 0.623102
-0.0574905 0.618941
-0.0593976 0.614799
-0.0612948 0.610675
-0.0631966 0.60653
-0.0650505 0.602474
-0.0669043 0.598395
-0.0687471 0.594312
-0.0705925 0.590186
-0.0724049 0.586089
-0.074206 0.581965
-0.0759793 0.577851
-0.0777328 0.573728
-0.0794356 0.569671
-0.0811191 0.565606
-0.0827836 0.561533
-0.0844139 0.557489
-0.0860107 0.553475
-0.0876036 0.549416
-0.0891704 0.545369
-0.0907115 0.541333
-0.0922482 0.537253
-0.0938068 0.533074
-0.0953214 0.529007
-0.0968451 0.524943
-0.0983742 0.520925
-0.099911 0.516973
-0.101416 0.513138
-0.102924 0.50926
-0.104406 0.505416
-0.105877 0.501568
-0.107323 0.497753
-0.108759 0.493934
-0.110184 0.490111
-0.111599 0.486284
-0.113004 0.482453
-0.114485 0.478652
-0.116065 0.47489
-0.117725 0.471207
-0.11948 0.467546
-0.121273 0.463903
-0.123119 0.460264
-0.125017 0.456653
-0.126978 0.453053
-0.128983 0.449499
-0.131028 0.445992
-0.133125 0.442515
-0.135293 0.439035
-0.13749 0.435621
-0.139759 0.432206
-0.142078 0.428825
-0.144457 0.425461
-0.14687 0.422171
-0.149353 0.418909
-0.151871 0.415724
-0.154471 0.412553
-0.157115 0.409446
-0.159802 0.406402
-0.162542 0.403407
-0.165347 0.400444
-0.168167 0.397551
-0.171026 0.394696
-0.173931 0.39186
-0.176816 0.389003
-0.179668 0.386114
-0.182503 0.383179
-0.18529 0.380227
-0.188071 0.377215
-0.190844 0.374141
-0.193569 0.37105
-0.19627 0.367913
-0.198944 0.364726
-0.201553 0.361538
-0.204123 0.358317
-0.206664 0.355049
-0.20919 0.351744
-0.211708 0.348407
-0.21423 0.345023
-0.216729 0.341623
-0.21924 0.338157
-0.221713 0.334688
-0.224161 0.331202
-0.226584 0.327698
-0.22897 0.324193
-0.231307 0.320704
-0.23363 0.31718
-0.235926 0.31364
-0.238182 0.310097
-0.240418 0.306518
-0.242655 0.302869
-0.24486 0.299201
-0.247043 0.295496
-0.249182 0.29179
-0.251299 0.288046
-0.25335 0.284335
-0.255363 0.280604
-0.257358 0.276817
-0.259333 0.272975
-0.261267 0.269112
-0.263162 0.26523
-0.265022 0.261309
-0.266811 0.257421
-0.268564 0.253494
-0.270278 0.249529
-0.271969 0.245489
-0.273609 0.241449
-0.275221 0.237355
-0.276808 0.233186
-0.278579 0.228382
-0.280374 0.223332
-0.28211 0.218261
-0.283786 0.213191
-0.285375 0.208197
-0.286717 0.203818
-0.287958 0.199639
-0.289171 0.19543
-0.290358 0.191193
-0.29152 0.186929
-0.292655 0.182636
-0.293747 0.178353
-0.294778 0.174055
-0.295763 0.169685
-0.296698 0.165263
-0.29757 0.160848
-0.298385 0.156422
-0.299146 0.151987
-0.29985 0.147563
-0.300503 0.143131
-0.301108 0.138692
-0.301659 0.134286
-0.302169 0.129855
-0.302628 0.125479
-0.303046 0.121119
-0.303423 0.116776
-0.303766 0.112409
-0.304071 0.10808
-0.304344 0.103748
-0.304586 0.0994151
-0.304799 0.0950603
-0.30498 0.0907241
-0.305131 0.0863867
-0.305255 0.0819084
-0.305346 0.0774294
-0.305405 0.0729697
-0.305432 0.0684498
-0.305426 0.0639298
-0.305388 0.05957
-0.30532 0.0552305
-0.305222 0.0509116
-0.305096 0.0466535
-0.304977 0.0424152
-0.30489 0.0381361
-0.304836 0.0338564
-0.304813 0.0295365
-0.304824 0.0252365
-0.304864 0.0209167
-0.304925 0.0166171
-0.305006 0.0123179
-0.305106 0.00805903
-0.305227 0.00374072
-0.305366 -0.000557046
-0.305522 -0.00485422
-0.305694 -0.00913074
-0.30588 -0.0134067
-0.30607 -0.0176424
-0.306268 -0.0218979
-0.30647 -0.026133
-0.306678 -0.0303879
-0.306894 -0.0347426
-0.307114 -0.039077
-0.307331 -0.0434116
-0.30754 -0.0477666
-0.307739 -0.052102
-0.307928 -0.0563578
-0.30811 -0.0605939
-0.308288 -0.0648302
-0.308464 -0.0690465
-0.308631 -0.0732632
-0.30879 -0.0774802
-0.308944 -0.0817374
-0.309093 -0.0860148
-0.309239 -0.0902923
-0.309385 -0.0946098
-0.309531 -0.0989074
-0.309667 -0.103225
-0.309793 -0.107483
-0.309914 -0.111742
-0.310031 -0.116
-0.310145 -0.120259
-0.310256 -0.124497
-0.310365 -0.128756
-0.31046 -0.133095
-0.310542 -0.137494
-0.310607 -0.141893
-0.310654 -0.146313
-0.310682 -0.150733
-0.310691 -0.155113
-0.310669 -0.159413
-0.310615 -0.163713
-0.31053 -0.167972
-0.310412 -0.17223
-0.310263 -0.176448
-0.310082 -0.180644
-0.309869 -0.184858
-0.309622 -0.189071
-0.309344 -0.193282
-0.309034 -0.19747
-0.30869 -0.201696
-0.308313 -0.20592
-0.307916 -0.210161
-0.307477 -0.214418
-0.306993 -0.218711
-0.30647 -0.222999
-0.305904 -0.227302
-0.305298 -0.23162
-0.304648 -0.235972
-0.303964 -0.240298
-0.303247 -0.244599
-0.302501 -0.248854
-0.301734 -0.253044
-0.300932 -0.257248
-0.300099 -0.261447
-0.299241 -0.265619
-0.298354 -0.269786
-0.297432 -0.273986
-0.296501 -0.278102
-0.295546 -0.282212
-0.294558 -0.286356
-0.293547 -0.290495
-0.292515 -0.294628
-0.291463 -0.298756
-0.290381 -0.302918
-0.289297 -0.307017
-0.288186 -0.31115
-0.287071 -0.31524
-0.285941 -0.319327
-0.284816 -0.323353
-0.283598 -0.327664
-0.282375 -0.331953
-0.281138 -0.336259
-0.279866 -0.340659
-0.278584 -0.345077
-0.277387 -0.349186
-0.276189 -0.353295
-0.274998 -0.357385
-0.273826 -0.361418
-0.272658 -0.365452
-0.27149 -0.369508
-0.270342 -0.373527
-0.269204 -0.377549
-0.268093 -0.381516
-0.266991 -0.385507
-0.265905 -0.389502
-0.264837 -0.393502
-0.263783 -0.397526
-0.262743 -0.401595
-0.261738 -0.405632
-0.260765 -0.409656
-0.259818 -0.413707
-0.258909 -0.417746
-0.258039 -0.421773
-0.257208 -0.425788
-0.256398 -0.429868
-0.255616 -0.433974
-0.25487 -0.438067
-0.254161 -0.442126
-0.253481 -0.446189
-0.252833 -0.450217
-0.252221 -0.45419
-0.251629 -0.458187
-0.25106 -0.462187
-0.250511 -0.466209
-0.249985 -0.470215
-0.249472 -0.474242
-0.248974 -0.478252
-0.248478 -0.482321
-0.247989 -0.486372
-0.247499 -0.490443
-0.247008 -0.494493
-0.246508 -0.498562
-0.246001 -0.502591
-0.245477 -0.506637
-0.244938 -0.510641
-0.244376 -0.514641
-0.24379 -0.518618
-0.243175 -0.522571
-0.242523 -0.526538
-0.241832 -0.530498
-0.241086 -0.534509
-0.240291 -0.538511
-0.239448 -0.542482
-0.238557 -0.546402
-0.237606 -0.550308
-0.236608 -0.55414
-0.235544 -0.557955
-0.234406 -0.561769
-0.233207 -0.565522
-0.231934 -0.56925
-0.230589 -0.572933
-0.229165 -0.576585
-0.227658 -0.580203
-0.226023 -0.58381
-0.224233 -0.587387
-0.222296 -0.59091
-0.220226 -0.594356
-0.218024 -0.597743
-0.215701 -0.601072
-0.213276 -0.604329
-0.210759 -0.607514
-0.208141 -0.610644
-0.205457 -0.61369
-0.202684 -0.616683
-0.199842 -0.619611
-0.196835 -0.622571
-0.193745 -0.625445
-0.190547 -0.628259
-0.187259 -0.631
-0.183901 -0.633653
-0.180525 -0.636185
-0.177073 -0.638647
-0.173596 -0.641004
-0.170085 -0.643271
-0.166525 -0.645462
-0.162953 -0.647556
-0.158884 -0.648673
-0.154757 -0.649807
-0.150649 -0.650935
-0.146522 -0.652068
-0.142414 -0.653196
-0.138364 -0.654308
-0.134333 -0.655415
-0.130225 -0.656543
-0.126136 -0.657666
-0.122028 -0.658794
-0.117959 -0.659911
-0.11389 -0.661029
-0.109801 -0.662151
-0.105674 -0.663285
-0.101566 -0.664413
-0.0974578 -0.665541
-0.0933306 -0.666674
-0.0892805 -0.667786
-0.0852497 -0.668893
-0.0812382 -0.669994
-0.0771688 -0.671112
-0.0731573 -0.672213
-0.0691458 -0.673315
-0.0651343 -0.674416
-0.0610649 -0.675534
-0.0570341 -0.676641
-0.0529648 -0.677758
-0.048934 -0.678865
-0.0449224 -0.679966
-0.0409495 -0.681057
-0.036938 -0.682159
-0.0329458 -0.683255
-0.028915 -0.684362
-0.0249035 -0.685464
-0.0220273 -0.686253
