-0.545523 0.394209
-0.547393 0.380387
-0.550605 0.36372
-0.554942 0.344494
-0.560186 0.322993
-0.566122 0.299502
-0.572532 0.274306
-0.5792 0.24769
-0.585907 0.219938
-0.592439 0.191335
-0.598576 0.162166
-0.604104 0.132716
-0.608804 0.103269
-0.61246 0.0741115
-0.614855 0.0455267
-0.615772 0.0178
-0.614994 -0.00878394
-0.612304 -0.0339403
-0.607486 -0.0573842
-0.600322 -0.0788308
-0.590595 -0.0979955
-0.578277 -0.115857
-0.563604 -0.133529
-0.546757 -0.150926
-0.527915 -0.167964
-0.507258 -0.184559
-0.484968 -0.200627
-0.461225 -0.216082
-0.436208 -0.230842
-0.410098 -0.244821
-0.383075 -0.257934
-0.35532 -0.270099
-0.327013 -0.281229
-0.298334 -0.291242
-0.269464 -0.300052
-0.240582 -0.307576
-0.211869 -0.313728
-0.183506 -0.318425
-0.155672 -0.321582
-0.128548 -0.323115
-0.102314 -0.32294
-0.0757878 -0.320725
-0.0478215 -0.316308
-0.0186457 -0.309863
0.0115085 -0.301559
0.0424101 -0.291568
0.0738281 -0.280061
0.105532 -0.26721
0.13729 -0.253185
0.168871 -0.238158
0.200045 -0.2223
0.23058 -0.205782
0.260247 -0.188775
0.288812 -0.171451
0.316046 -0.153981
0.341717 -0.136536
0.365595 -0.119287
0.387448 -0.102406
0.407046 -0.0860635
0.424158 -0.0704308
0.438552 -0.0556793
0.45011 -0.0409788
0.459014 -0.02547
0.465485 -0.00927949
0.469742 0.00746548
0.472004 0.0246381
0.472491 0.0421113
0.471423 0.0597584
0.46902 0.0774521
0.465502 0.0950657
0.461088 0.112472
0.455998 0.129544
0.450451 0.146156
0.444667 0.162179
0.438867 0.177488
0.43327 0.191954
0.428095 0.205452
0.423562 0.217854
0.419892 0.229033
0.417303 0.238863
0.416016 0.247216
