0.564 0.1325
0.553873 0.122309
0.540746 0.110339
0.524998 0.0967386
0.507008 0.08166
0.487156 0.0652539
0.465822 0.0476712
0.443385 0.029063
0.420224 0.00958002
0.396719 -0.0106267
0.37325 -0.0314062
0.350196 -0.0526077
0.327936 -0.07408
0.30685 -0.0956723
0.287318 -0.117234
0.269719 -0.138613
0.254432 -0.15966
0.241837 -0.180223
0.232314 -0.200151
0.226242 -0.219294
0.224 -0.2375
0.226535 -0.255227
0.234142 -0.273016
0.246222 -0.290842
0.262176 -0.30868
0.281406 -0.326504
0.303314 -0.344289
0.327301 -0.362009
0.352768 -0.37964
0.379117 -0.397156
0.40575 -0.414531
0.432068 -0.431741
0.457472 -0.44876
0.481364 -0.465563
0.503146 -0.482124
0.522219 -0.498418
0.537984 -0.51442
0.549843 -0.530105
0.557198 -0.545446
0.55945 -0.56042
0.556 -0.575
0.546996 -0.589933
0.533268 -0.605837
0.515242 -0.622498
0.493344 -0.6397
0.468 -0.657227
0.439636 -0.674863
0.408678 -0.692392
0.375552 -0.7096
0.340684 -0.72627
0.3045 -0.742188
0.267426 -0.757136
0.229888 -0.7709
0.192312 -0.783264
0.155124 -0.794012
0.11875 -0.80293
0.0836161 -0.8098
0.0501479 -0.814408
0.018772 -0.816537
-0.0100861 -0.815973
-0.036 -0.8125
-0.0600398 -0.805564
-0.083558 -0.794985
-0.106553 -0.781109
-0.129024 -0.76428
-0.150969 -0.744844
-0.172386 -0.723145
-0.193274 -0.699529
-0.213632 -0.67434
-0.233458 -0.647924
-0.25275 -0.620625
-0.271507 -0.592789
-0.289728 -0.56476
-0.307411 -0.536884
-0.324554 -0.509505
-0.341156 -0.482969
-0.357216 -0.45762
-0.372732 -0.433804
-0.387702 -0.411865
-0.402125 -0.392149
-0.416 -0.375
-0.429017 -0.360123
-0.440932 -0.346874
-0.451846 -0.335072
-0.461856 -0.32454
-0.471062 -0.315098
-0.479564 -0.306566
-0.48746 -0.298767
-0.494848 -0.29152
-0.501829 -0.284647
-0.5085 -0.277969
-0.514961 -0.271306
-0.521312 -0.26448
-0.52765 -0.257311
-0.534076 -0.249621
-0.540688 -0.24123
-0.547584 -0.23196
-0.554865 -0.221631
-0.562628 -0.210064
-0.570974 -0.19708
-0.58 -0.1825
-0.589769 -0.165991
-0.60021 -0.147504
-0.611226 -0.127285
-0.62272 -0.10558
-0.634594 -0.0826367
-0.64675 -0.0587013
-0.659091 -0.0340201
-0.67152 -0.00884002
-0.683939 0.0165925
-0.69625 0.0420313
-0.708356 0.0672293
-0.72016 0.09194
-0.731564 0.115917
-0.74247 0.138914
-0.752781 0.160684
-0.7624 0.18098
-0.771229 0.199556
-0.77917 0.216166
-0.786126 0.230563
-0.792 0.2425
