0.000177901 0.784202
-0.00134883 0.775861
-0.003079 0.767355
-0.00486897 0.759373
-0.0068326 0.751309
-0.00815833 0.74626
-0.00945415 0.741534
-0.0107805 0.73688
-0.0121005 0.732411
-0.0134726 0.727915
-0.0149327 0.72328
-0.0164096 0.718734
-0.0179509 0.714125
-0.0195183 0.709567
-0.0211228 0.705021
-0.0226951 0.700677
-0.0242921 0.696363
-0.025884 0.692154
-0.0275181 0.687919
-0.0291646 0.683731
-0.0308588 0.679497
-0.0326004 0.675218
-0.0344043 0.670856
-0.0362474 0.666467
-0.0381757 0.661941
-0.0401184 0.657443
-0.0420734 0.652971
-0.0440141 0.648581
-0.0459543 0.644235
-0.047867 0.639985
-0.0497825 0.635759
-0.0517154 0.631519
-0.0536389 0.627318
-0.0555758 0.623102
-0.0574905 0.618941
-0.0593976 0.614799
-0.0612948 0.610675
-0.0631966 0.60653
-0.0650505 0.602474
-0.0669043 0.598395
-0.0687471 0.594312
-0.0705925 0.590186
-0.0724049 0.586089
-0.074206 0.581965
-0.0759793 0.577851
-0.0777328 0.573728
-0.0794356 0.569671
-0.0811191 0.565606
-0.0827836 0.561533
-0.0844139 0.557489
-0.0860107 0.553475
-0.0876036 0.549416
-0.0891704 0.545369
-0.0907115 0.541333
-0.0922482 0.537253
-0.0938068 0.533074
-0.0953214 0.529007
-0.0968451 0.524943
-0.0983742 0.520925
-0.099911 0.516973
-0.101416 0.513138
-0.102924 0.50926
-0.104406 0.505416
-0.105877 0.501568
-0.107323 0.497753
-0.108759 0.493934
-0.110184 0.490111
-0.111599 0.486284
-0.113004 0.482453
-0.114485 0.478652
-0.116065 0.47489
-0.117725 0.471207
-0.11948 0.467546
-0.121273 0.463903
-0.123119 0.460264
-0.125017 0.456653
-0.126978 0.453053
-0.128983 0.449499
-0.131028 0.445992
-0.133125 0.442515
-0.135293 0.439035
-0.13749 0.435621
-0.139759 0.432206
-0.142078 0.428825
-0.144457 0.425461
-0.14687 0.422171
-0.149353 0.418909
-0.151871 0.415724
-0.154471 0.412553
-0.157115 0.409446
-0.159802 0.406402
-0.162542 0.403407
-0.165347 0.400444
-0.168167 0.397551
-0.171026 0.394696
-0.173931 0.39186
-0.176816 0.389003
-0.179668 0.386114
-0.182503 0.383179
-0.18529 0.380227
-0.188071 0.377215
-0.190844 0.374141
-0.193569 0.37105
-0.19627 0.367913
-0.198944 0.364726
-0.201553 0.361538
-0.204123 0.358317
-0.206664 0.355049
-0.20919 0.351744
-0.211708 0.348407
-0.21423 0.345023
-0.216729 0.341623
-0.21924 0.338157
-0.221713 0.334688
-0.224161 0.331202
-0.226584 0.327698
-0.22897 0.324193
-0.231307 0.320704
-0.23363 0.31718
-0.235926 0.31364
-0.238182 0.310097
-0.240418 0.306518
-0.242655 0.302869
-0.24486 0.299201
-0.247043 0.295496
-0.249182 0.29179
-0.251299 0.288046
-0.25335 0.284335
-0.255363 0.280604
-0.257358 0.276817
-0.259333 0.272975
-0.261267 0.269112
-0.263162 0.26523
-0.265022 0.261309
-0.266811 0.257421
-0.268564 0.253494
-0.270278 0.249529
-0.271969 0.245489
-0.273609 0.241449
-0.275221 0.237355
-0.276808 0.233186
-0.278579 0.228382
-0.280374 0.223332
-0.28211 0.218261
-0.283786 0.213191
-0.285375 0.208197
-0.286717 0.203818
-0.287958 0.199639
-0.289171 0.19543
-0.290358 0.191193
-0.29152 0.186929
-0.292655 0.182636
-0.293747 0.178353
-0.294778 0.174055
-0.295763 0.169685
-0.296698 0.165263
-0.29757 0.160848
-0.298385 0.156422
-0.299146 0.151987
-0.29985 0.147563
-0.300503 0.143131
-0.301108 0.138692
-0.301659 0.134286
-0.302169 0.129855
-0.302628 0.125479
-0.303046 0.121119
-0.303423 0.116776
-0.303766 0.112409
-0.304071 0.10808
-0.304344 0.103748
-0.304586 0.0994151
-0.304799 0.0950603
-0.30498 0.0907241
-0.305131 0.0863867
-0.305255 0.0819084
-0.305346 0.0774294
-0.305405 0.0729697
-0.305432 0.0684498
-0.305426 0.0639298
-0.305388 0.05957
-0.30532 0.0552305
-0.305222 0.0509116
-0.305096 0.0466535
-0.304977 0.0424152
-0.30489 0.0381361
-0.304836 0.0338564
-0.304813 0.0295365
-0.304824 0.0252365
-0.304864 0.0209167
-0.304925 0.0166171
-0.305006 0.0123179
-0.305106 0.00805903
-0.305227 0.00374072
-0.305366 -0.000557046
-0.305522 -0.00485422
-0.305694 -0.00913074
-0.30588 -0.0134067
-0.30607 -0.0176424
-0.306268 -0.0218979
-0.30647 -0.026133
-0.306678 -0.0303879
-0.306894 -0.0347426
-0.307114 -0.039077
-0.307331 -0.0434116
-0.30754 -0.0477666
-0.307739 -0.052102
-0.307928 -0.0563578
-0.30811 -0.0605939
-0.308288 -0.0648302
-0.308464 -0.0690465
-0.308631 -0.0732632
-0.30879 -0.0774802
-0.308944 -0.0817374
-0.309093 -0.0860148
-0.309239 -0.0902923
-0.309385 -0.0946098
-0.309531 -0.0989074
-0.309667 -0.103225
-0.309793 -0.107483
-0.309914 -0.111742
-0.310031 -0.116
-0.310145 -0.120259
-0.310256 -0.124497
-0.310365 -0.128756
-0.31046 -0.133095
-0.310542 -0.137494
-0.310607 -0.141893
-0.310654 -0.146313
-0.310682 -0.150733
-0.310691 -0.155113
-0.310669 -0.159413
-0.310615 -0.163713
-0.31053 -0.167972
-0.310412 -0.17223
-0.310263 -0.176448
-0.310082 -0.180644
-0.309869 -0.184858
-0.309622 -0.189071
-0.309344 -0.193282
-0.309034 -0.19747
-0.30869 -0.201696
-0.308313 -0.20592
-0.307916 -0.210161
-0.307477 -0.214418
-0.306993 -0.218711
-0.30647 -0.222999
-0.305904 -0.227302
-0.305298 -0.23162
-0.304648 -0.235972
-0.303964 -0.240298
-0.303247 -0.244599
-0.302501 -0.248854
-0.301734 -0.253044
-0.300932 -0.257248
-0.300099 -0.261447
-0.299241 -0.265619
-0.298354 -0.269786
-0.297432 -0.273986
-0.296501 -0.278102
-0.295546 -0.282212
-0.294558 -0.286356
-0.293547 -0.290495
-0.292515 -0.294628
-0.291463 -0.298756
-0.290381 -0.302918
-0.289297 -0.307017
-0.288186 -0.31115
-0.287071 -0.31524
-0.285941 -0.319327
-0.284816 -0.323353
-0.283598 -0.327664
-0.282375 -0.331953
-0.281138 -0.336259
-0.279866 -0.340659
-0.278584 -0.345077
-0.277387 -0.349186
-0.276189 -0.353295
-0.274998 -0.357385
-0.273826 -0.361418
-0.272658 -0.365452
-0.27149 -0.369508
-0.270342 -0.373527
-0.269204 -0.377549
-0.268093 -0.381516
-0.266991 -0.385507
-0.265905 -0.389502
-0.264837 -0.393502
-0.263783 -0.397526
-0.262743 -0.401595
-0.261738 -0.405632
-0.260765 -0.409656
-0.259818 -0.413707
-0.258909 -0.417746
-0.258039 -0.421773
-0.257208 -0.425788
-0.256398 -0.429868
-0.255616 -0.433974
-0.25487 -0.438067
-0.254161 -0.442126
-0.253481 -0.446189
-0.252833 -0.450217
-0.252221 -0.45419
-0.251629 -0.458187
-0.25106 -0.462187
-0.250511 -0.466209
-0.249985 -0.470215
-0.249472 -0.474242
-0.248974 -0.478252
-0.248478 -0.482321
-0.247989 -0.486372
-0.247499 -0.490443
-0.247008 -0.494493
-0.246508 -0.498562
-0.246001 -0.502591
-0.245477 -0.506637
-0.244938 -0.510641
-0.244376 -0.514641
-0.24379 -0.518618
-0.243175 -0.522571
-0.242523 -0.526538
-0.241832 -0.530498
-0.241086 -0.534509
-0.240291 -0.538511
-0.239448 -0.542482
-0.238557 -0.546402
-0.237606 -0.550308
-0.236608 -0.55414
-0.235544 -0.557955
-0.234406 -0.561769
-0.233207 -0.565522
-0.231934 -0.56925
-0.230589 -0.572933
-0.229165 -0.576585
-0.227658 -0.580203
-0.226023 -0.58381
-0.224233 -0.587387
-0.222296 -0.59091
-0.220226 -0.594356
-0.218024 -0.597743
-0.215701 -0.601072
-0.213276 -0.604329
-0.210759 -0.607514
-0.208141 -0.610644
-0.205457 -0.61369
-0.202684 -0.616683
-0.199842 -0.619611
-0.196835 -0.622571
-0.193745 -0.625445
-0.190547 -0.628259
-0.187259 -0.631
-0.183901 -0.633653
-0.180525 -0.636185
-0.177073 -0.638647
-0.173596 -0.641004
-0.170085 -0.643271
-0.166525 -0.645462
-0.162953 -0.647556
-0.158884 -0.648673
-0.154757 -0.649807
-0.150649 -0.650935
-0.146522 -0.652068
-0.142414 -0.653196
-0.138364 -0.654308
-0.134333 -0.655415
-0.130225 -0.656543
-0.126136 -0.657666
-0.122028 -0.658794
-0.117959 -0.659911
-0.11389 -0.661029
-0.109801 -0.662151
-0.105674 -0.663285
-0.101566 -0.664413
-0.0974578 -0.665541
-0.0933306 -0.666674
-0.0892805 -0.667786
-0.0852497 -0.668893
-0.0812382 -0.669994
-0.0771688 -0.671112
-0.0731573 -0.672213
-0.0691458 -0.673315
-0.0651343 -0.674416
-0.0610649 -0.675534
-0.0570341 -0.676641
-0.0529648 -0.677758
-0.048934 -0.678865
-0.0449224 -0.679966
-0.0409495 -0.681057
-0.036938 -0.682159
-0.0329458 -0.683255
-0.028915 -0.684362
-0.0249035 -0.685464
-0.0220273 -0.686253
-0.0172496 -0.686891
-0.0124675 -0.687494
-0.00813791 -0.688008
-0.00390413 -0.68848
0.000333498 -0.688916
0.00304147 -0.689171
0.00571096 -0.689408
0.0083618 -0.689629
0.0110736 -0.689839
0.0138066 -0.690036
0.0165407 -0.690216
0.0193164 -0.690369
0.0221546 -0.690472
0.0250541 -0.690522
0.0279541 -0.690516
0.0308534 -0.690453
0.033751 -0.690334
0.0366457 -0.690158
0.0394566 -0.689932
0.0423026 -0.689649
0.0451426 -0.689312
0.0479558 -0.688923
0.0507216 -0.688486
0.0534787 -0.687998
0.0561869 -0.687465
0.0588652 -0.686887
0.0615129 -0.686265
0.0641295 -0.685599
0.0667144 -0.684891
0.0692477 -0.684148
0.0717866 -0.683355
0.0743299 -0.68251
0.0768765 -0.681612
0.0794065 -0.680669
0.081919 -0.679681
0.0843948 -0.678655
0.0868334 -0.677592
0.0892528 -0.676487
0.091634 -0.675347
0.0940127 -0.674156
0.0963875 -0.672914
0.0987397 -0.67163
0.101069 -0.670304
0.10339 -0.668926
0.105669 -0.667515
0.107922 -0.666064
0.11018 -0.664548
0.11241 -0.662989
0.114608 -0.661388
0.116855 -0.659683
0.119051 -0.657946
0.121195 -0.656176
0.123287 -0.654376
0.125341 -0.652532
0.127297 -0.650701
0.129215 -0.648829
0.131094 -0.646918
0.132945 -0.644953
0.134754 -0.642948
0.136557 -0.640859
0.138326 -0.638713
0.140044 -0.636528
0.141722 -0.634287
0.14335 -0.632009
0.144895 -0.629746
0.146372 -0.627485
0.147806 -0.625198
0.149188 -0.622902
0.15052 -0.620599
0.151804 -0.618292
0.153061 -0.615948
0.154281 -0.613585
0.155467 -0.611203
0.156627 -0.608788
0.157754 -0.606356
0.15884 -0.603928
0.159887 -0.601504
0.160896 -0.599086
0.161869 -0.596675
0.162829 -0.594216
0.163769 -0.591728
0.164689 -0.589211
0.165576 -0.586703
0.166437 -0.584186
0.167261 -0.581699
0.168055 -0.579223
0.168816 -0.576779
0.169566 -0.574289
0.170302 -0.571775
0.171027 -0.569216
0.171774 -0.566496
0.172498 -0.563771
0.173185 -0.561098
0.173852 -0.55842
0.174499 -0.555736
0.175095 -0.553185
0.175687 -0.550571
0.176279 -0.547875
0.176853 -0.545176
0.177395 -0.542551
0.177932 -0.539864
0.17845 -0.537194
0.178937 -0.534599
0.179425 -0.531924
0.179913 -0.529166
0.180376 -0.526466
0.180828 -0.523743
0.18128 -0.520939
0.181708 -0.518192
0.182121 -0.515464
0.182524 -0.512713
0.182912 -0.50998
0.183286 -0.507266
0.183649 -0.50455
0.184004 -0.501813
0.184346 -0.499094
0.184668 -0.496454
0.184988 -0.493753
0.185296 -0.491071
0.185593 -0.488407
0.185883 -0.485723
0.186173 -0.482958
0.186451 -0.480232
0.18672 -0.477505
0.186983 -0.474758
0.187241 -0.47199
0.18749 -0.469221
0.187746 -0.466292
0.187999 -0.463303
0.188239 -0.460373
0.188462 -0.457561
0.188673 -0.45481
0.188862 -0.452277
0.189037 -0.449863
0.189205 -0.447469
0.189373 -0.445035
0.189541 -0.44252
0.189705 -0.440026
0.189876 -0.437391
0.19005 -0.434697
0.190223 -0.432002
0.190396 -0.429328
0.190572 -0.426654
0.190752 -0.42398
0.190963 -0.421308
0.191209 -0.418659
0.191486 -0.416074
0.191803 -0.413453
0.19214 -0.410956
0.192504 -0.408503
0.19291 -0.405995
0.193349 -0.403494
0.193836 -0.400919
0.194366 -0.398313
0.194945 -0.395655
0.195562 -0.393006
0.196236 -0.390288
0.196939 -0.387619
0.197681 -0.384961
0.198461 -0.382313
0.199279 -0.379678
0.200135 -0.377054
0.201003 -0.374518
0.201926 -0.371938
0.202879 -0.369391
0.203825 -0.366904
0.204872 -0.364136
0.205912 -0.361364
0.20691 -0.358684
0.207878 -0.356057
0.208845 -0.353408
0.209693 -0.351056
0.210553 -0.348645
0.211423 -0.346173
0.212308 -0.343623
0.213196 -0.341031
0.214066 -0.338453
0.214937 -0.335835
0.215791 -0.333231
0.216608 -0.3307
0.217439 -0.328089
0.218265 -0.325455
0.219073 -0.322837
0.21987 -0.320215
0.220678 -0.317514
0.221459 -0.314867
0.222234 -0.312218
0.223005 -0.309567
0.22378 -0.306898
0.224551 -0.304248
0.225321 -0.301618
0.226103 -0.298971
0.22689 -0.296346
0.227677 -0.293764
0.228484 -0.291166
0.229308 -0.288574
0.230127 -0.286064
0.230992 -0.283485
0.231888 -0.280896
0.232811 -0.278316
0.233763 -0.275747
0.234776 -0.273115
0.235801 -0.270552
0.236858 -0.268003
0.237947 -0.265467
0.239077 -0.262927
0.240247 -0.260427
0.241391 -0.257982
0.242552 -0.2555
0.243705 -0.253036
0.244833 -0.250627
0.245985 -0.248163
0.247155 -0.245663
0.248316 -0.243182
0.249478 -0.2407
0.250664 -0.238164
0.251834 -0.235664
0.253004 -0.233164
0.254174 -0.230664
0.255344 -0.228164
0.256513 -0.225665
0.257658 -0.223219
0.258819 -0.220737
0.259972 -0.218274
0.261108 -0.215846
0.26226 -0.213383
0.26343 -0.210883
0.264583 -0.208419
0.265744 -0.205938
0.266931 -0.203401
0.268101 -0.200902
0.269271 -0.198402
0.27044 -0.195902
0.27161 -0.193402
0.272771 -0.19092
0.273933 -0.188439
0.275102 -0.185939
0.276272 -0.183439
0.277425 -0.180975
0.278586 -0.178494
0.279748 -0.176012
0.280883 -0.173584
0.282036 -0.171121
0.283223 -0.168585
0.284393 -0.166085
0.285545 -0.163621
0.286724 -0.161103
0.287885 -0.158622
0.289029 -0.156176
0.290182 -0.153712
0.291352 -0.151213
0.292522 -0.148713
0.293675 -0.146249
0.294068 -0.145408
0.294334 -0.140435
0.294605 -0.135463
0.294841 -0.131029
0.295078 -0.126555
0.295349 -0.122003
0.295555 -0.119231
0.295788 -0.116441
0.295963 -0.113626
0.296133 -0.110891
0.296306 -0.108117
0.29648 -0.105322
0.296651 -0.102567
0.296823 -0.0998127
0.296997 -0.0970181
0.297168 -0.0942634
0.29734 -0.0915087
0.297514 -0.0887141
0.297686 -0.0859395
0.297859 -0.0831649
0.298032 -0.0803903
0.298204 -0.0776156
0.298379 -0.0748011
0.29856 -0.0719067
0.298738 -0.0690322
0.298919 -0.0661378
0.299098 -0.0632634
0.299271 -0.0604688
0.29944 -0.0577541
0.299611 -0.0550193
0.299781 -0.0522846
0.299952 -0.04953
0.300124 -0.0467753
0.300296 -0.0440007
0.30047 -0.0412061
0.300642 -0.0384514
0.300812 -0.0357167
0.300982 -0.032982
0.301154 -0.0302273
0.301323 -0.0275126
0.301493 -0.0247779
0.301662 -0.0220631
0.301831 -0.0193484
0.301998 -0.0166536
0.302167 -0.0139388
0.302336 -0.0112241
0.302508 -0.00846941
0.302679 -0.00571474
0.302851 -0.00296007
0.303022 -0.000205398
0.303195 0.00256923
0.303366 0.0053239
0.303539 0.00809854
0.303712 0.0108732
0.303884 0.0136478
0.304054 0.0163825
0.304223 0.0190973
0.304391 0.021792
0.304559 0.0244868
0.304725 0.0271617
0.304894 0.0298764
0.305066 0.0326311
0.305237 0.0353857
0.305407 0.0381204
0.305576 0.0408352
0.305743 0.04351
0.305908 0.0461649
0.306071 0.0487798
0.306235 0.0514147
0.3064 0.0540696
0.306565 0.0567245
0.30673 0.0593793
0.306897 0.0620541
0.307062 0.064709
0.307226 0.0673439
0.307393 0.0700187
0.307559 0.0726936
0.307726 0.0753684
0.307895 0.0780831
0.308065 0.0808178
0.308235 0.0835525
0.308406 0.0863072
0.30858 0.0891018
0.308752 0.0918565
0.308924 0.0946311
0.309097 0.0974057
0.30927 0.10018
0.309442 0.102955
0.309514 0.104108
0.304637 0.104895
0.29977 0.105849
0.295444 0.10685
0.291073 0.108001
0.286778 0.109275
0.284062 0.11017
0.281401 0.111104
0.278777 0.112081
0.276265 0.113071
0.273753 0.114113
0.271259 0.1152
0.26875 0.11635
0.26628 0.117536
0.26385 0.118758
0.261407 0.120043
0.258989 0.121372
0.256612 0.122735
0.254226 0.124162
0.25183 0.125611
0.24949 0.127036
0.24712 0.12849
0.244722 0.129973
0.242379 0.131433
0.240041 0.132937
0.237696 0.134503
0.235413 0.136089
0.233174 0.137703
0.230933 0.139382
0.228738 0.141088
0.22659 0.14282
0.224457 0.144604
0.222372 0.146412
0.220304 0.14827
0.218243 0.150165
0.216205 0.152056
0.214162 0.153971
0.212128 0.155895
0.210132 0.157802
0.208145 0.159717
0.206153 0.161656
0.204213 0.163563
0.202268 0.165492
0.200331 0.167431
0.19846 0.169321
0.196276 0.171549
0.194103 0.173788
0.19197 0.17601
0.189848 0.178242
0.187711 0.180515
0.18594 0.182419
0.184191 0.184316
0.182463 0.186205
0.180731 0.188117
0.179016 0.190044
0.177338 0.192004
0.17571 0.19398
0.174106 0.196001
0.172577 0.198004
0.171093 0.200016
0.169638 0.202049
0.168185 0.204132
0.166776 0.206197
0.165384 0.208274
0.164 0.21038
0.162628 0.212541
0.161268 0.214757
0.159896 0.217059
0.158533 0.219413
0.157197 0.221782
0.155876 0.224183
0.154575 0.226594
0.15332 0.228962
0.152052 0.231391
0.150787 0.233844
0.14954 0.236284
0.148299 0.238727
0.147034 0.241225
0.145797 0.24367
0.144549 0.246131
0.143287 0.248608
0.142026 0.251063
0.140745 0.253486
0.139369 0.255924
0.137935 0.258306
0.136344 0.260586
0.134742 0.262882
0.133128 0.265194
0.131548 0.267458
0.129969 0.269721
0.128378 0.272001
0.126798 0.274264
0.12523 0.276511
0.12365 0.278774
0.122071 0.281037
0.120537 0.283235
0.11898 0.285466
0.117424 0.287696
0.115913 0.289861
0.114356 0.292091
0.112765 0.294371
0.111208 0.296602
0.109663 0.298816
0.108106 0.301046
0.106573 0.303244
0.105027 0.305458
0.103482 0.307672
0.101925 0.309903
0.100334 0.312182
0.0987549 0.314446
0.0971982 0.316676
0.0956186 0.318939
0.0940276 0.321219
0.092448 0.323482
0.0909142 0.32568
0.0893575 0.327911
0.0878008 0.330141
0.0862556 0.332355
0.0847104 0.334569
0.0831079 0.336865
0.0815512 0.339096
0.080006 0.34131
0.0784836 0.343491
0.0769384 0.345705
0.0754046 0.347903
0.0738708 0.350101
0.0723026 0.352348
0.0707002 0.354644
0.0691206 0.356907
0.0675525 0.359154
0.0667891 0.360248